5.238123303661773389e+04
-2.478367235988503307e+04
-3.466533663134604285e+04
-3.379972831084996869e+04
-3.677472080030020152e+04
5.552648412975905376e+04
-4.019301362864373368e+04
5.369736295259179315e+03
-5.484727649434418709e+03
5.305169906394778809e+04
2.929263395827110799e+03
7.254585933239766746e+04
6.564510018692021731e+03
5.888091696442119428e+03
6.808253783055364693e+03
-3.235273525026803691e+04
-3.238613636450872582e+04
6.183650415619105479e+04
3.658303706347990374e+04
1.806933596147649223e+04
-1.196056480555892267e+04
-4.101238218699335994e+04
4.022977419635991100e+04
-8.254378947119296936e+04
5.817195066106112790e+04
3.292746929765307868e+04
-1.818538193673974456e+04
-1.684776385534746805e+04
7.692773870567054837e+04
3.682935314508849842e+04
-1.795387792968269059e+04
8.262400754428512300e+03
-3.294722674151016690e+04
1.058124831634243164e+05
-7.448650552399398293e+04
-7.054039785751227464e+04
8.582904227063047074e+03
2.984995629119228397e+04
7.330087128369159473e+02
-2.622167755304729144e+04
5.958913238727109274e+04
1.063842461115918195e+04
1.911150669354647835e+04
4.880294819989087046e+03
-1.185618980077191009e+04
7.048118294866973883e+03
1.871499616675282232e+04
-1.033770404811410408e+05
8.424773970283800736e+03
-7.136637342046057165e+04
4.575038699579588865e+03
5.522150709448541602e+04
1.568795958092903675e+04
2.857615051652481634e+04
7.302985686653140874e+04
4.098528816352089780e+04
-4.436609918796219063e+03
4.373985389437809499e+04
7.138647894625505432e+04
-4.256699944345498079e+04
-2.322544942384687238e+04
1.505705135032922408e+04
2.087316870551686588e+04
5.817188092391448299e+04
-9.864409497853880748e+04
5.014335626441458589e+04
-5.519252916166697105e+03
1.668597523220799485e+04
-8.461188171632957165e+02
-5.420014943928767025e+03
6.363432146584066504e+04
-1.476198014364725532e+04
2.684060169645325368e+04
-1.062885095557828208e+04
4.001248266858707939e+04
5.901148516959224071e+04
4.498360324572720856e+03
3.265765955877433953e+03
5.731442373738147580e+04
5.344111653258818478e+03
1.365044012481037498e+04
3.275314844163313683e+04
2.328083325482335567e+03
-2.014852191499176115e+03
6.300004989426057728e+04
-6.462520672364563507e+04
2.126312865877385775e+03
-1.293558958898228229e+04
-3.157826210355209332e+04
3.904162353163398075e+04
2.138557194383227034e+04
-4.577597301702697223e+03
1.009267893475075834e+04
-1.518561519738997049e+03
-5.441254376061472431e+04
1.039643583150811173e+04
2.090198651545042230e+04
8.992765555040736217e+04
7.470254933409318619e+04
9.844094845009120763e+04
5.139795615834488126e+04
3.944844529541929660e+03
-2.097646738457545143e+04
-6.515212229817602747e+03
5.346875643331992615e+04
1.090173112381188548e+05
7.960985291951961699e+04
7.027900590626592748e+04
3.878839488439752313e+04
-1.836595662713461934e+03
3.794244363878938020e+04
1.128137890021052735e+05
1.256320745810134758e+04
6.551025025979684142e+04
-4.875310166030195978e+04
3.549759284668973123e+04
-1.267434313132402021e+05
-2.473024251291101609e+04
2.897321486039543743e+04
9.740954438263020711e+04
-2.505638333283131942e+03
3.145654621847323142e+04
6.160340809910572716e+03
2.935517913470353960e+04
2.096454457941969304e+04
-3.001599822424245212e+04
1.357302310346411832e+04
-7.423096471576459589e+04
-7.729170688107715250e+03
-5.854227015200132882e+04
-3.563457783603282587e+04
5.983529214665326435e+04
1.058292065965396469e+05
6.837598442121948756e+04
1.729671869732536652e+04
6.787978976338409120e+04
7.514342518545551866e+04
3.699171664715583756e+04
5.388778790132007998e+04
3.726793502401123988e+04
-2.116005380186937691e+04
7.828436646845196083e+04
5.997226089702940226e+04
5.472093263262138498e+04
9.294787759049610759e+04
9.029954183425022347e+04
-1.911015809731016270e+04
6.703264721152730635e+04
-7.404666879490358042e+03
5.251591675035387016e+04
7.270929814368519874e+04
1.184706695035831217e+04
5.988142645295344118e+04
1.533852949978513425e+04
6.823469216099770165e+03
4.148215418171914280e+03
2.458827717867333558e+04
6.417485591090338130e+04
2.549036565688821429e+04
4.279529279190716625e+04
7.745555977598715981e+04
2.470822215979401153e+04
5.353738731638261379e+04
2.774370218009201199e+04
6.114564998300782463e+04
9.232143567673618963e+04
6.530450457032189297e+04
9.653773397302892408e+04
-7.535871811813798558e+03
5.936295279139380727e+04
7.277433427274787391e+04
2.672148074581480614e+03
8.360949173390962824e+04
8.419601996861581574e+04
4.024718750058265141e+04
5.589106647936379886e+04
7.901250056780871819e+04
6.245257320653548231e+04
1.231731878058554139e+05
2.534661898426487824e+03
7.916338655787387688e+04
8.003806835229357239e+04
-7.833036755624398211e+03
1.351522949011544915e+04
5.844868262311087165e+04
1.848223993342126778e+04
8.072724240703185205e+04
2.968104187249969254e+04
-2.800203564130876839e+04
1.074436928605257999e+05
1.146424632804075372e+03
3.919603920707938232e+04
-1.148698543391944077e+04
3.337476170223562804e+04
7.348204475736217864e+04
-6.765859499923390104e+02
7.242302814962329285e+04
6.672634657991799759e+04
-1.786259417603020120e+04
7.209217273088071670e+04
7.132757162219533348e+04
1.469760487820238268e+04
-1.440598003310682179e+04
5.759711056981125876e+04
5.554211378012255591e+04
4.140569411510929785e+04
8.960383882545038068e+04
3.361413866155665892e+04
8.435809617549268296e+04
-1.577762522297096439e+04
7.688846033119549975e+04
7.600457071134806029e+04
9.544175524421327282e+04
5.903971891570305161e+04
7.202774176414567046e+04
1.434073785300181771e+04
-2.288035342990224308e+03
1.285865794293195067e+05
1.305257217059630784e+05
6.316676084254463058e+04
6.267142612601278961e+04
5.287992052261286881e+04
8.093254928246230702e+04
1.158872299323696061e+05
1.003793553125952458e+05
1.371906718051276403e+05
4.350951694326182769e+04
4.356288676740627852e+04
1.478357827525030007e+05
7.278652147957953275e+03
9.737979165993372590e+03
4.073454088602245611e+04
4.106545584919110115e+04
5.844894186171971523e+04
8.018774050921879825e+04
1.310397389347516728e+05
1.697165155735698136e+04
9.464339380050721229e+04
2.409371410264560836e+03
-1.535689939096001399e+04
6.613007840170079726e+04
8.167924732482248510e+04
3.895958765243457310e+04
4.327129369576027966e+04
2.596880167430586516e+04
3.757508907014338183e+04
5.389202030118685798e+04
4.568669461028031219e+04
3.454960099901247304e+04
9.761011049033195013e+04
7.676059877329588926e+04
3.506049709043664188e+04
-9.987719934901469969e+03
5.373433472754641116e+04
7.759067554432827455e+04
7.535956209105675225e+04
1.379349956043339917e+05
4.738598083832730481e+03
8.206366762580147770e+04
1.207815379869191092e+05
7.016328485330913099e+04
1.386362511699810857e+05
7.772614008775715774e+04
1.283164016641261551e+05
3.116485648384510569e+04
1.004478692722159467e+05
2.146855666871007270e+04
1.168044805463409284e+04
1.418369365452546335e+05
1.184794875122376834e+05
-1.298885586469541522e+04
6.146504724342153349e+04
3.180840545851345087e+04
1.329187755904019577e+05
1.058647946177060658e+05
1.911418266732405755e+03
1.212498151114729408e+05
7.114121601775191084e+04
6.341823085108316445e+04
1.581898640394550748e+05
3.761140590382829396e+04
4.618896152098367747e+04
1.072389776427351899e+05
7.321173954892366601e+04
9.479685103658618755e+04
3.589499194440397696e+04
4.312274881782782904e+04
1.842245759047655738e+05
1.903739656626903889e+04
6.247235785963897797e+04
5.162790455819189810e+04
8.240912306767697737e+04
1.101816667539227783e+05
6.500968001727671071e+04
8.281887737172190100e+03
9.810171432806049415e+04
9.302139538996767078e+04
7.437833245585448458e+04
7.871715299092080386e+04
4.688444493583943404e+04
1.053856752240341593e+05
1.379631060168942786e+05
-6.915101687893933558e+03
1.142049129223922791e+05
1.515118085014230164e+05
2.931991112622556102e+04
-1.343934172942757141e+04
6.825976814343177830e+04
6.049942999865072488e+04
6.275370539847231703e+04
1.062630708503143978e+04
1.052635099144312408e+05
3.793289693251856806e+04
8.157981966427252337e+04
3.436695652320995578e+03
5.961817252138119511e+04
4.171993528940794204e+04
3.606562654157148791e+04
9.439475885987319634e+04
1.230949301446946483e+05
4.681824328120681457e+04
-1.004415404073603713e+04
1.197375601280262636e+05
4.809499593651887699e+04
4.684338828785651276e+04
6.311155908104093396e+04
1.089727626543055521e+04
4.312719285601633601e+03
4.198223383569299040e+04
7.950467163696198259e+04
3.633110226567837526e+04
-1.925229952929668070e+04
5.862858575997079606e+04
5.310231354682098754e+04
1.103965026821504725e+05
1.229492222657487146e+05
1.122011560229363677e+05
8.799075944200313825e+04
9.601064004414927331e+04
1.071120165572625701e+05
9.121379008230063482e+04
-6.533893253638059832e+03
1.341280304830608657e+05
5.477149010773564805e+04
1.128382480816042371e+05
1.608123938948710565e+04
6.222290943956434057e+04
1.108339395024510304e+05
-1.831531720942220272e+04
1.147275622531520203e+05
4.217372651498352207e+04
2.436463194084678253e+04
1.142075817626934877e+05
5.611663273730351648e+04
1.623332976320157177e+05
9.694885474078333937e+04
9.464732339521865651e+04
2.408346186610446603e+04
1.088884932418247918e+05
1.052256534905697335e+05
7.168094673708053597e+04
7.888430438496667193e+04
9.443742557805804245e+04
1.325367271274757513e+05
1.144853731945806358e+05
4.744165204477666703e+04
2.626813174220296787e+04
-1.462798640475957654e+03
1.183623651165395859e+05
1.294274050886801851e+05
6.054699626377438835e+04
6.497693795941985445e+04
7.398985760691421456e+04
6.883812220203943434e+04
9.429784301086206688e+04
5.572378004436262563e+04
1.018122348885760439e+05
3.832931325783488865e+04
4.324260617955613998e+04
1.022415198192211101e+05
7.634540580845350632e+04
4.707692268155706552e+04
4.933269430192568689e+04
1.109847832695371762e+05
7.861709115302654391e+04
1.910079203995772405e+05
1.139833067061763577e+05
1.230364062245689565e+05
1.055041293244861299e+05
4.893377314835527795e+04
1.258277626221117971e+05
9.260007905378320720e+04
1.121608033971010154e+05
9.072875430725816113e+04
8.570534183779996238e+04
7.979530183121064329e+04
2.500189493232416135e+04
9.722355006629557465e+03
7.116797054986195872e+04
1.217447230214224110e+05
1.128709727261377848e+05
4.517139816475957923e+04
1.413887150914405065e+05
7.062622231943966472e+04
1.211999462656792894e+05
1.742564830124530126e+05
1.536404370180903352e+05
1.257969863312634116e+05
1.240820251226966648e+05
5.854555526904163708e+04
1.495614730004679295e+05
7.562465948481924715e+04
1.305508126654852531e+05
1.060743628437374573e+05
6.757978221881124773e+04
1.696210387039119378e+05
8.481655209799380100e+04
9.509930773416657757e+04
8.394934479989217652e+04
5.620591237256263412e+04
1.021441774995332089e+05
1.072630182888809068e+05
1.413422044222550176e+05
1.114832341720500699e+05
8.541014593150468136e+04
1.051742711565723584e+05
1.704458198860715493e+05
9.455399307021904679e+04
1.039541459457420569e+05
4.973431384608107328e+04
7.035325646615395090e+04
5.243799221165453491e+04
5.288209675805593724e+04
1.003756602614612639e+05
1.386454279954271624e+05
1.638595513580782572e+05
1.286387273360444524e+05
1.338125075966157019e+05
9.738138610413449351e+04
2.019420351043845949e+04
1.139314238188555028e+05
8.205827505274294526e+04
8.026620098378686816e+04
1.198869786171825981e+05
1.027727163313894998e+05
1.286428278360204713e+05
1.484518979311248404e+05
9.251545793387238518e+04
4.854199048809646774e+04
1.681282471712046536e+05
1.116921306501711078e+05
7.447303773078016820e+04
1.946008904360168963e+05
7.680307289944449440e+04
9.897567456631835375e+04
1.282467834178420744e+05
1.499248063016256783e+05
1.216118917089941824e+05
9.246156503320453339e+04
1.051660295315190306e+05
9.260347288453308283e+04
9.191769839981931727e+04
1.083566507839251717e+05
5.703461290183429082e+04
1.055820282671895984e+05
1.943073094208895636e+05
1.268236063947330986e+05
1.251442161120344244e+05
1.320374501212444156e+05
1.479451272642311233e+05
1.436408772620585805e+05
1.209511383436957840e+05
1.732732156619911839e+05
5.940782580566569231e+04
1.315217305055675679e+05
1.051134028225495131e+05
1.165890858397883712e+05
1.605635685116444365e+05
1.219671704970142891e+05
3.905568158133437100e+04
1.408831166308210231e+05
1.275666273266429489e+05
1.332597291722059017e+05
1.554488994031252805e+05
1.310466774657611968e+05
1.054222095792489272e+05
1.611844753961010138e+05
1.847840452029285079e+05
9.281831209021150426e+04
7.897714482460607542e+04
1.693466614262177609e+05
1.140617235776189336e+05
9.006323890456405934e+04
1.714088885377174593e+05
1.532256056570612127e+05
1.528242698107444739e+05
1.393593701997774479e+05
1.019290469424641051e+05
1.783173858084745880e+05
1.044938388395979855e+05
